VarA,VarB,VarC,VarD
1,2,4,1.314747639
2,3,9,2.108729017
3,4,16,3.37097052
4,5,25,4.958785481
5,6,36,5.953234239
6,7,49,6.615473872
7,8,64,7.594756865
8,9,81,8.580254502
9,10,100,9.329014959
10,11,121,10.36558611
11,12,144,11.96282953
12,13,169,12.09424566
13,14,196,13.51957073
14,15,225,14.64537996
15,16,256,15.17229829
